# Camera list with one line of data per camera:
#   CAMERA_ID, MODEL, WIDTH, HEIGHT, PARAMS[]
# Number of cameras: 196
1 SIMPLE_RADIAL 800 800 1110.8649790963057 400 400 -0.058447515733683252
3 SIMPLE_RADIAL 800 800 1111.885846317349 400 400 -0.055644500114780421
4 SIMPLE_RADIAL 800 800 1099.389423399866 400 400 -0.025090729865248695
5 SIMPLE_RADIAL 800 800 1097.2096017788488 400 400 -0.10646457752288166
7 SIMPLE_RADIAL 800 800 1098.3616459682282 400 400 -0.1040338516911903
9 SIMPLE_RADIAL 800 800 1099.7162138735196 400 400 -0.10880525773053927
11 SIMPLE_RADIAL 800 800 1109.8102890471621 400 400 -0.10991675764170351
13 SIMPLE_RADIAL 800 800 1122.2206683089398 400 400 -0.091560369479403284
15 SIMPLE_RADIAL 800 800 1120.3384079664932 400 400 -0.079791868912648611
17 SIMPLE_RADIAL 800 800 1118.3706894076406 400 400 -0.074135579070016791
19 SIMPLE_RADIAL 800 800 1119.5522523054806 400 400 -0.072266202856590717
21 SIMPLE_RADIAL 800 800 1120.219401438879 400 400 -0.064694681578738214
23 SIMPLE_RADIAL 800 800 1120.3531775233971 400 400 -0.062419817872907478
26 SIMPLE_RADIAL 800 800 1094.112379224063 400 400 -0.028835733322573904
27 SIMPLE_RADIAL 800 800 1120.4466831794073 400 400 -0.061965206134314145
29 SIMPLE_RADIAL 800 800 1117.6335365552395 400 400 -0.054990913219201021
31 SIMPLE_RADIAL 800 800 1121.9429542364342 400 400 -0.058758073813031268
33 SIMPLE_RADIAL 800 800 1119.1448555919369 400 400 -0.050922002648069092
35 SIMPLE_RADIAL 800 800 1123.0304685687572 400 400 -0.049481246689664755
37 SIMPLE_RADIAL 800 800 1120.2588205489772 400 400 -0.04803691339482713
39 SIMPLE_RADIAL 800 800 1120.4196460109097 400 400 -0.045468559339571453
41 SIMPLE_RADIAL 800 800 1118.6987976866901 400 400 -0.042567895782500524
43 SIMPLE_RADIAL 800 800 1121.0625602768137 400 400 -0.038611761677184511
45 SIMPLE_RADIAL 800 800 1115.0345390028617 400 400 -0.028017416286107853
48 SIMPLE_RADIAL 800 800 1101.5162991654192 400 400 -0.029475577302818586
49 SIMPLE_RADIAL 800 800 1110.5226581885645 400 400 -0.025937236401811222
51 SIMPLE_RADIAL 800 800 1107.4413938636776 400 400 -0.031092871394008622
53 SIMPLE_RADIAL 800 800 1114.434573726277 400 400 -0.030693498257181706
55 SIMPLE_RADIAL 800 800 1128.8521838406316 400 400 -0.023888136967730973
57 SIMPLE_RADIAL 800 800 1122.4387896861406 400 400 -0.03272921559367245
59 SIMPLE_RADIAL 800 800 1124.8096635843112 400 400 -0.029551661270460484
61 SIMPLE_RADIAL 800 800 1131.2911359502978 400 400 -0.032872167937592567
63 SIMPLE_RADIAL 800 800 1127.971941691429 400 400 -0.030096560043961912
65 SIMPLE_RADIAL 800 800 1122.2413813139203 400 400 -0.028803539910471139
67 SIMPLE_RADIAL 800 800 1115.5052208789118 400 400 -0.017065937041912106
70 SIMPLE_RADIAL 800 800 1100.0135332641808 400 400 -0.061982403788593973
71 SIMPLE_RADIAL 800 800 1111.0942290212038 400 400 -0.016698220854937752
73 SIMPLE_RADIAL 800 800 1113.9199016709656 400 400 -0.010384100541995041
75 SIMPLE_RADIAL 800 800 1109.5060896787725 400 400 -0.0086630954209101028
77 SIMPLE_RADIAL 800 800 1110.2642856156276 400 400 0.0020531893878088896
79 SIMPLE_RADIAL 800 800 1111.5414210895312 400 400 0.0035255524947009351
81 SIMPLE_RADIAL 800 800 1110.0314244710528 400 400 -0.0013227120043811608
83 SIMPLE_RADIAL 800 800 1107.5549745683034 400 400 0.0038253682784100294
85 SIMPLE_RADIAL 800 800 1107.4711977532945 400 400 0.013874747083075267
87 SIMPLE_RADIAL 800 800 1107.5077708489137 400 400 0.0057823876712257034
89 SIMPLE_RADIAL 800 800 1110.741049191631 400 400 0.0094186629213807386
92 SIMPLE_RADIAL 800 800 1104.4950156897019 400 400 -0.0735671339266213
93 SIMPLE_RADIAL 800 800 1110.3776293152237 400 400 0.0050782198958107773
95 SIMPLE_RADIAL 800 800 1108.9994579675601 400 400 0.011965647850294988
97 SIMPLE_RADIAL 800 800 1104.5224167956439 400 400 0.0083022305867643392
99 SIMPLE_RADIAL 800 800 1104.8057666206284 400 400 -0.0085245192179219543
101 SIMPLE_RADIAL 800 800 1107.9863824747827 400 400 0.0033166564439208734
103 SIMPLE_RADIAL 800 800 1098.4070848549904 400 400 -0.014158150626376818
105 SIMPLE_RADIAL 800 800 1092.2912433558695 400 400 -0.029376715240532942
107 SIMPLE_RADIAL 800 800 1097.7156371019153 400 400 -0.019861150099123304
109 SIMPLE_RADIAL 800 800 1096.1134751304812 400 400 -0.017821342419382304
111 SIMPLE_RADIAL 800 800 1100.0459089794406 400 400 -0.01192044929720666
114 SIMPLE_RADIAL 800 800 1093.7507875763888 400 400 -0.031884479426200679
115 SIMPLE_RADIAL 800 800 1128.978951590047 400 400 0.018831753598375595
117 SIMPLE_RADIAL 800 800 1105.6705374226763 400 400 0.0067182409118394671
119 SIMPLE_RADIAL 800 800 1093.8969854260401 400 400 -0.0081178882194729816
121 SIMPLE_RADIAL 800 800 1100.8508191881792 400 400 -0.0045208436269724844
123 SIMPLE_RADIAL 800 800 1105.193974545004 400 400 -0.0013243664280141703
125 SIMPLE_RADIAL 800 800 1099.5052233882693 400 400 -0.012193839554240657
127 SIMPLE_RADIAL 800 800 1100.8503833390914 400 400 -0.010679372104358698
129 SIMPLE_RADIAL 800 800 1103.8916859026874 400 400 -0.0051551012396096182
131 SIMPLE_RADIAL 800 800 1106.4331969596844 400 400 -0.0084542214508394418
133 SIMPLE_RADIAL 800 800 1104.5836924176945 400 400 -0.008302620409872126
136 SIMPLE_RADIAL 800 800 1082.6497848425549 400 400 0.0047186045000002707
137 SIMPLE_RADIAL 800 800 1106.462462934677 400 400 -0.019576692198690057
139 SIMPLE_RADIAL 800 800 1108.7405747682167 400 400 -0.018905027524565871
141 SIMPLE_RADIAL 800 800 1106.2699189020182 400 400 -0.018719775275218589
143 SIMPLE_RADIAL 800 800 1107.0132740905995 400 400 -0.031143183791832674
145 SIMPLE_RADIAL 800 800 1103.769422246974 400 400 -0.046153342594722362
147 SIMPLE_RADIAL 800 800 1108.5339076973708 400 400 -0.037252760131532447
149 SIMPLE_RADIAL 800 800 1105.9037389774417 400 400 -0.038096770035333904
151 SIMPLE_RADIAL 800 800 1110.7861738527965 400 400 -0.045919072084710827
153 SIMPLE_RADIAL 800 800 1107.8863184987899 400 400 -0.045163263425845278
155 SIMPLE_RADIAL 800 800 1113.0351113293448 400 400 -0.047602900041315371
158 SIMPLE_RADIAL 800 800 1094.9721677878154 400 400 -0.038993164753775858
159 SIMPLE_RADIAL 800 800 1099.3151317550235 400 400 -0.051899137652948082
161 SIMPLE_RADIAL 800 800 1096.5538461191991 400 400 -0.048084416421313267
163 SIMPLE_RADIAL 800 800 1096.5249446105638 400 400 -0.053167145778359529
165 SIMPLE_RADIAL 800 800 1097.7965851700972 400 400 -0.04311758042770529
167 SIMPLE_RADIAL 800 800 1108.6546084076729 400 400 -0.041879314190424989
169 SIMPLE_RADIAL 800 800 1110.6010719217247 400 400 -0.044774502192594136
171 SIMPLE_RADIAL 800 800 1109.6845915938354 400 400 -0.040985377381632236
173 SIMPLE_RADIAL 800 800 1105.7153387148644 400 400 -0.044386201972792465
175 SIMPLE_RADIAL 800 800 1110.9313723512259 400 400 -0.051169091300449672
177 SIMPLE_RADIAL 800 800 1113.8168592579248 400 400 -0.054558753426282518
181 SIMPLE_RADIAL 800 800 1112.8602970739162 400 400 -0.056863249933821892
183 SIMPLE_RADIAL 800 800 1113.7605969108106 400 400 -0.055386542611855862
185 SIMPLE_RADIAL 800 800 1115.2723434401469 400 400 -0.061268687386072954
187 SIMPLE_RADIAL 800 800 1118.9601941487376 400 400 -0.060754867150668676
189 SIMPLE_RADIAL 800 800 1116.6060424448874 400 400 -0.0561550117503185
191 SIMPLE_RADIAL 800 800 1117.4918882500601 400 400 -0.063241037398580238
193 SIMPLE_RADIAL 800 800 1116.6329903042019 400 400 -0.065536151593264827
195 SIMPLE_RADIAL 800 800 1117.6538111830141 400 400 -0.065830690857519067
197 SIMPLE_RADIAL 800 800 1117.0885957874134 400 400 -0.064940587176257253
199 SIMPLE_RADIAL 800 800 1115.6238782966261 400 400 -0.062060718118599603
202 SIMPLE_RADIAL 800 800 1090.0658182787947 400 400 -0.02667768470681451
203 SIMPLE_RADIAL 800 800 1117.5380163849711 400 400 -0.063420970672053378
205 SIMPLE_RADIAL 800 800 1116.9100966822516 400 400 -0.065950228011041223
207 SIMPLE_RADIAL 800 800 1112.0741370182454 400 400 -0.061301120573272604
209 SIMPLE_RADIAL 800 800 1111.1971054039038 400 400 -0.064394472943666875
211 SIMPLE_RADIAL 800 800 1112.6594518952716 400 400 -0.070951508215154488
213 SIMPLE_RADIAL 800 800 1110.5067383660478 400 400 -0.069664025154517487
215 SIMPLE_RADIAL 800 800 1105.5346352745637 400 400 -0.072834752815712625
217 SIMPLE_RADIAL 800 800 1114.2765467088677 400 400 -0.060578308946075063
219 SIMPLE_RADIAL 800 800 1109.0014863573333 400 400 -0.05861536488605841
221 SIMPLE_RADIAL 800 800 1109.7027797501341 400 400 -0.056395446356239796
225 SIMPLE_RADIAL 800 800 1106.4892713710985 400 400 -0.057062686361232774
226 SIMPLE_RADIAL 800 800 636.17187869566737 400 400 0.59358519461506309
228 SIMPLE_RADIAL 800 800 1088.4521331725266 400 400 -0.025988239482554711
230 SIMPLE_RADIAL 800 800 1316.9987737144595 400 400 0.13012278955297069
232 SIMPLE_RADIAL 800 800 1088.2292254591764 400 400 -0.019353901649330155
234 SIMPLE_RADIAL 800 800 1348.6358452442689 400 400 0.27187303437427696
236 SIMPLE_RADIAL 800 800 1137.9394625096968 400 400 0.01217885148329219
238 SIMPLE_RADIAL 800 800 1313.7565503219364 400 400 0.12480254015408464
240 SIMPLE_RADIAL 800 800 1027.1123263142879 400 400 0.022062905729183457
242 SIMPLE_RADIAL 800 800 1107.0466824938426 400 400 -0.0065968977317455452
244 SIMPLE_RADIAL 800 800 1123.7244260321506 400 400 -0.038444953062981749
247 SIMPLE_RADIAL 800 800 1103.1918581227308 400 400 -0.06192858791814377
248 SIMPLE_RADIAL 800 800 1127.6592400743887 400 400 -0.030356414786172525
250 SIMPLE_RADIAL 800 800 1120.485412581615 400 400 -0.03908804097013524
252 SIMPLE_RADIAL 800 800 1122.9606930746743 400 400 -0.01857040393152351
254 SIMPLE_RADIAL 800 800 1116.5796769482818 400 400 -0.018720355349665579
256 SIMPLE_RADIAL 800 800 1121.9713249862398 400 400 -0.011751386449505487
258 SIMPLE_RADIAL 800 800 1114.4107655630751 400 400 -0.0054581041299298118
260 SIMPLE_RADIAL 800 800 1108.7864709241785 400 400 0.0076319839744783654
262 SIMPLE_RADIAL 800 800 1109.2741514849442 400 400 0.00056771766692093517
264 SIMPLE_RADIAL 800 800 1106.6149079343691 400 400 0.015796156019800427
266 SIMPLE_RADIAL 800 800 1104.1186564573661 400 400 -0.0013306900261082803
269 SIMPLE_RADIAL 800 800 1104.7696678483865 400 400 -0.060943980132103587
270 SIMPLE_RADIAL 800 800 1102.2874134774506 400 400 0.0055650023542237973
272 SIMPLE_RADIAL 800 800 1106.5639562669849 400 400 0.00047713838055140376
274 SIMPLE_RADIAL 800 800 1107.0282135988361 400 400 0.0048087452133825734
276 SIMPLE_RADIAL 800 800 1106.8014587590981 400 400 -0.0069993383121594631
278 SIMPLE_RADIAL 800 800 1103.7295594391924 400 400 0.0010991140350564193
280 SIMPLE_RADIAL 800 800 1104.5710298806512 400 400 0.00062162147345166268
282 SIMPLE_RADIAL 800 800 1101.0593645410283 400 400 -0.012141322527778806
284 SIMPLE_RADIAL 800 800 1101.1021300915982 400 400 -0.012562422730889403
286 SIMPLE_RADIAL 800 800 1105.2871055765986 400 400 0.0010312751180177198
288 SIMPLE_RADIAL 800 800 1103.1544994568287 400 400 -0.0045882246656637898
291 SIMPLE_RADIAL 800 800 1107.1437597560071 400 400 -0.058379938087659421
292 SIMPLE_RADIAL 800 800 1100.4315264196637 400 400 -0.014344204960347134
294 SIMPLE_RADIAL 800 800 1104.4561655848413 400 400 0.0049269948873693539
296 SIMPLE_RADIAL 800 800 1098.9523500208104 400 400 -0.037497298343289541
298 SIMPLE_RADIAL 800 800 1107.7709236855433 400 400 0.0005053867778188803
300 SIMPLE_RADIAL 800 800 1107.2813619505221 400 400 -0.0018587540106881986
302 SIMPLE_RADIAL 800 800 1099.4663175183116 400 400 -0.020035245366679319
304 SIMPLE_RADIAL 800 800 1101.7056813413344 400 400 -0.023986617107881997
306 SIMPLE_RADIAL 800 800 1104.2651934886853 400 400 -0.020430880654318084
308 SIMPLE_RADIAL 800 800 1108.5612868541928 400 400 -0.024076547977171809
310 SIMPLE_RADIAL 800 800 1104.6006195482216 400 400 -0.022554035076474462
313 SIMPLE_RADIAL 800 800 1102.3722638130434 400 400 -0.053606602353302842
314 SIMPLE_RADIAL 800 800 1103.6647716854825 400 400 -0.018859793492191412
316 SIMPLE_RADIAL 800 800 1105.4322090272058 400 400 -0.039696544633524566
318 SIMPLE_RADIAL 800 800 1109.5012926962636 400 400 -0.038843387899404162
320 SIMPLE_RADIAL 800 800 1112.2581183447189 400 400 -0.032221995205847079
322 SIMPLE_RADIAL 800 800 1106.0361346615905 400 400 -0.036870045453872541
324 SIMPLE_RADIAL 800 800 1099.946952137569 400 400 -0.045392528831765123
326 SIMPLE_RADIAL 800 800 1105.1827136358361 400 400 -0.039429000790357438
328 SIMPLE_RADIAL 800 800 1111.1503516380355 400 400 -0.044685359545164463
330 SIMPLE_RADIAL 800 800 1098.8665667393054 400 400 -0.039456799576712963
332 SIMPLE_RADIAL 800 800 1112.089439167687 400 400 -0.063755542748645685
335 SIMPLE_RADIAL 800 800 1099.0918578961976 400 400 -0.046232595690188824
336 SIMPLE_RADIAL 800 800 1095.1066340662499 400 400 -0.054758023007377643
338 SIMPLE_RADIAL 800 800 1122.2926720754476 400 400 -0.055737692012543756
340 SIMPLE_RADIAL 800 800 1088.9715273677537 400 400 -0.043162209662022583
342 SIMPLE_RADIAL 800 800 1117.9131062529498 400 400 -0.066360606994943477
344 SIMPLE_RADIAL 800 800 1128.7481479147159 400 400 -0.07379100132730447
346 SIMPLE_RADIAL 800 800 1116.6786617602243 400 400 -0.08081056580265375
348 SIMPLE_RADIAL 800 800 735.54609780745852 400 400 -0.1856641112485892
350 SIMPLE_RADIAL 800 800 1119.1891650028922 400 400 -0.06072778320204858
352 SIMPLE_RADIAL 800 800 694.47843604872014 400 400 -0.1759118046294755
354 SIMPLE_RADIAL 800 800 1118.6819327583626 400 400 -0.055363935515349079
357 SIMPLE_RADIAL 800 800 1098.8865571179183 400 400 -0.055756845941605716
358 SIMPLE_RADIAL 800 800 1117.405229378096 400 400 -0.066930670444697846
360 SIMPLE_RADIAL 800 800 902.01017473325305 400 400 -0.55505183770414168
362 SIMPLE_RADIAL 800 800 1099.0297712937634 400 400 -0.15126077820287351
364 SIMPLE_RADIAL 800 800 1120.7820900369613 400 400 -0.12021712920579172
366 SIMPLE_RADIAL 800 800 1101.6704896829588 400 400 -0.14134578386029317
370 SIMPLE_RADIAL 800 800 1102.962496234639 400 400 -0.13650061161371754
372 SIMPLE_RADIAL 800 800 1094.0029660252067 400 400 -0.065614343208279594
374 SIMPLE_RADIAL 800 800 1105.7393980925904 400 400 -0.13218296413387418
376 SIMPLE_RADIAL 800 800 937.08373862031226 400 400 0.76481877742248827
379 SIMPLE_RADIAL 800 800 1092.616394367062 400 400 -0.055683259215837708
382 SIMPLE_RADIAL 800 800 1081.1700741262232 400 400 -0.021259822338493772
386 SIMPLE_RADIAL 800 800 1083.6570891736455 400 400 -0.042653845211913191
388 SIMPLE_RADIAL 800 800 1077.1466823045521 400 400 -0.055675573608027315
390 SIMPLE_RADIAL 800 800 1092.3862723273201 400 400 -0.05413631901787222
392 SIMPLE_RADIAL 800 800 1101.9888384328237 400 400 -0.060541719597192407
394 SIMPLE_RADIAL 800 800 1098.8050593690718 400 400 -0.08839524974999545
396 SIMPLE_RADIAL 800 800 1078.6008278148715 400 400 -0.085278798441144082
398 SIMPLE_RADIAL 800 800 1091.3578393553589 400 400 -0.082932165939841679
